807
249
73
658
930
272
544
878
923
709
440
165
492
42
987
503
327
729
840
612
303
169
709
157
560
933
99
278
816
335
97
826
512
267
810
633
979
149
579
821
967
672
393
336
485
745
228
91
194
357
1
153
708
944
668
490
124
196
530
903
722
666
549
24
801
853
977
408
228
933
298
981
635
13
865
814
63
536
425
669
115
94
629
501
517
195
105
404
451
298
188
123
505
882
752
566
716
337
438
144
501
897
871
828
137
358
177
397
294
904
609
231
745
175
635
298
142
399
968
412
260
557
594
8
395
968
113
530
6
962
942
365
82
852
767
821
695
712
671
901
590
831
738
57
616
790
640
679
335
6
972
98
95
319
454
223
289
760
905
126
123
506
813
770
238
94
220
844
366
534
226
394
363
738
844
590
550
159
623
947
385
217
272
539
247
385
496
885
623
420
144
968
735
915
625
534
42
11
679
152
244
295
818
396
692
815
991
33
669
397
553
547
825
210
662
211
808
377
761
625
335
868
995
776
767
439
874
331
556
301
872
560
94
984
755
789
407
15
193
769
680
455
855
506
963
502
676
108
249
331
844
638
808
997
651
849
203
731
531
14
419
775
9
180
929
223
54
260
737
545
317
525
200
256
564
597
648
704
550
150
976
412
554
797
504
381
748
65
378
699
209
129
553
483
447
607
773
322
305
176
53
224
630
366
400
444
370
285
16
898
155
133
557
576
178
266
357
711
878
614
819
737
133
591
720
762
633
197
31
588
589
873
877
304
358
200
254
960
915
947
480
730
955
546
107
238
0
926
35
857
113
114
593
360
354
418
357
585
729
15
563
102
917
643
419
967
747
269
395
303
473
103
748
385
658
459
406
930
824
132
973
603
897
920
950
231
480
203
900
520
533
258
3
676
950
934
780
879
832
574
549
542
249
771
310
879
983
970
40
723
650
971
229
318
746
299
230
621
776
124
244
958
696
771
64
560
598
751
940
503
551
801
205
80
418
274
649
413
320
25
12
783
788
117
8
550
324
195
257
511
690
666
410
593
553
565
960
742
403
352
307
141
910
200
799
127
171
787
414
625
641
517
348
842
315
974
445
373
220
911
239
54
305
929
253
189
166
356
304
860
898
592
720
116
580
867
352
939
698
901
811
616
891
671
728
671
661
45
120
240
158
453
627
350
711
563
594
533
727
827
795
531
442
516
6
515
924
601
97
661
103
324
108
936
281
15
710
216
905
973
781
720
791
169
865
827
536
728
125
384
167
949
476
46
576
666
467
520
384
991
210
258
211
744
518
718
934
825
767
689
818
14
825
918
28
29
34
727
240
754
540
396
935
83
48
865
11
252
64
876
237
675
245
710
415
192
710
747
37
299
447
715
693
579
129
164
979
501
525
289
958
33
800
89
670
217
846
38
543
338
936
321
719
496
247
788
359
987
35
235
912
684
989
784
734
667
519
615
45
976
661
825
819
631
903
698
798
639
4
503
679
765
391
107
924
365
121
454
106
450
703
832
32
141
654
977
217
900
289
465
747
622
879
317
516
48
762
29
39
708
903
657
761
752
466
621
557
996
955
930
494
555
221
312
293
427
232
444
791
198
152
856
570
303
439
914
799
766
835
921
43
752
86
719
150
410
623
669
605
943
311
431
992
816
699
971
639
370
836
891
857
833
328
177
410
683
176
489
91
434
711
904
26
891
790
522
364
890
884
813
441
127
179
784
537
870
561
581
165
802
732
332
854
759
847
377
462
10
819
150
377
941
836
720
299
112
759
956
390
152
48
14
44
918
150
101
295
821
731
501
245
961
57
510
928
805
173
137
669
96
503
421
675
518
300
489
262
54
263
643
889
250
735
415
364
494
963
758
652
92
316
714
420
60
450
368
741
847
196
787
501
234
128
571
448
875
253
871
329
293
719
471
820
764
79
630
410
80
113
342
138
382
44
828
393
575
980
0
596
947
370
87
543
733
852
261
824
400
380
778
857
423
498
14
845
662
509
610
849
218
290
55
743
555
385
534
275
321
151
226
251
459
783
714
437
879
698
100
137
285
878
284
342
915
960
67
140
707
566
728
562
363
969
890
623
278
313
761
10
840
978
0
394
507
656
551
786
431
544
739
776
584
252
108
514
454
19
28
671
370
663
947
24
543
854
8
981
552
288
163
359
19
379
356
461
487
353
899
788
244
880
466
283
274
236
909
567
834
939
684
651
549
266
467
110
589
327
773
581
295
936
874
435
231
972
28
798
70
587
297
89
646
90
111
612
463
112
781
951
230
