6807
5249
73
3658
8930
1272
7544
878
7923
7709
4440
8165
4492
3042
7987
2503
2327
1729
8840
2612
4303
3169
7709
7157
9560
933
3099
278
1816
5335
9097
7826
3512
9267
3810
7633
979
9149
6579
8821
1967
672
1393
9336
5485
1745
5228
4091
194
6357
5001
1153
6708
7944
5668
1490
8124
2196
9530
903
7722
4666
8549
8024
7801
6853
977
7408
8228
4933
298
8981
8635
8013
3865
9814
9063
4536
9425
1669
4115
94
5629
6501
6517
4195
105
404
9451
4298
2188
1123
9505
6882
6752
1566
6716
337
4438
3144
1501
4897
3871
5828
1137
9358
3177
2397
2294
7904
1609
6231
9745
4175
3635
6298
8142
399
7968
412
260
3557
1594
8008
6395
5968
9113
4530
1006
962
7942
5365
2082
9852
767
3821
5695
4712
3671
9901
8590
4831
4738
3057
1616
9790
5640
679
7335
7006
7972
6098
9095
5319
3454
5223
2289
6760
8905
6126
6123
9506
5813
6770
5238
9094
6220
7844
2366
534
5226
5394
1363
8738
7844
9590
6550
5159
8623
4947
7385
7217
5272
5539
9247
2385
3496
4885
623
2420
8144
1968
5735
9915
1625
3534
6042
6011
4679
4152
5244
7295
8818
396
7692
1815
2991
33
2669
9397
9553
547
5825
1210
9662
211
3808
3377
2761
625
7335
1868
7995
2776
2767
7439
9874
9331
556
6301
8872
560
94
8984
3755
9789
1407
8015
193
2769
5680
3455
6855
7506
963
3502
6676
3108
3249
2331
7844
7638
808
9997
8651
4849
5203
5731
6531
8014
5419
6775
2009
180
7929
5223
4054
8260
6737
1545
7317
7525
4200
4256
1564
597
6648
7704
5550
5150
1976
1412
8554
2797
2504
8381
4748
7065
9378
7699
8209
5129
8553
5483
447
4607
773
5322
4305
5176
53
7224
4630
366
5400
444
5370
285
3016
3898
8155
1133
5557
6576
3178
8266
7357
1711
7878
614
4819
5737
3133
591
3720
8762
6633
6197
6031
8588
589
4873
8877
7304
9358
1200
7254
8960
4915
3947
5480
7730
9955
4546
7107
1238
0
4926
5035
4857
1113
114
9593
1360
8354
8418
5357
2585
3729
1015
6563
6102
917
6643
9419
2967
7747
5269
5395
3303
4473
9103
1748
4385
5658
3459
5406
3930
9824
5132
973
9603
6897
7920
3950
5231
8480
203
3900
4520
2533
1258
7003
8676
950
3934
8780
9879
1832
2574
3549
4542
6249
2771
6310
5879
983
9970
2040
2723
3650
2971
3229
318
7746
299
7230
5621
776
124
8244
6958
7696
6771
9064
1560
6598
8751
9940
4503
9551
2801
7205
5080
418
9274
9649
413
3320
9025
2012
1783
4788
4117
4008
1550
5324
9195
1257
4511
5690
8666
2410
593
553
9565
960
8742
1403
4352
7307
6141
4910
3200
2799
3127
171
7787
4414
1625
6641
9517
5348
1842
4315
5974
1445
1373
2220
9911
9239
5054
1305
6929
2253
4189
5166
4356
9304
9860
5898
5592
1720
6116
1580
8867
9352
6939
8698
4901
811
6616
6891
8671
1728
6671
1661
7045
3120
240
7158
9453
9627
5350
3711
5563
9594
7533
1727
7827
8795
9531
7442
1516
5006
8515
6924
2601
7097
8661
7103
4324
108
4936
2281
7015
3710
3216
1905
5973
7781
2720
791
1169
7865
5827
9536
6728
7125
384
167
9949
476
6046
1576
8666
7467
520
7384
1991
5210
3258
8211
8744
9518
5718
1934
6825
767
8689
9818
3014
1825
2918
8028
3029
8034
6727
1240
3754
6540
8396
935
3083
8048
6865
7011
5252
3064
7876
7237
2675
245
2710
415
8192
4710
4747
3037
1299
8447
9715
1693
9579
7129
5164
3979
3501
5525
289
4958
4033
1800
5089
7670
5217
846
1038
9543
338
5936
3321
7719
6496
1247
3788
8359
5987
5035
5235
3912
5684
5989
3784
3734
2667
519
2615
7045
5976
6661
5825
2819
1631
2903
2698
6798
2639
4004
9503
679
8765
7391
4107
4924
4365
7121
4454
7106
7450
1703
832
1032
2141
1654
1977
2217
3900
7289
3465
4747
3622
9879
9317
1516
4048
2762
1029
9039
2708
5903
2657
761
5752
1466
8621
4557
6996
6955
6930
1494
5555
2221
9312
2293
1427
2232
7444
4791
2198
9152
4856
3570
4303
7439
2914
5799
6766
1835
1921
6043
2752
4086
9719
9150
8410
8623
4669
9605
9943
7311
2431
7992
9816
8699
6971
639
1370
5836
9891
2857
4833
3328
8177
4410
7683
5176
3489
2091
434
4711
6904
1026
4891
790
522
9364
6890
4884
6813
1441
7127
6179
5784
4537
9870
7561
2581
4165
5802
7732
7332
7854
9759
9847
2377
462
9010
3819
8150
3377
941
3836
6720
2299
6112
4759
9956
4390
6152
48
5014
9044
4918
150
101
1295
9821
5731
4501
8245
4961
6057
3510
3928
805
2173
2137
9669
9096
4503
7421
8675
8518
4300
6489
262
2054
8263
8643
4889
5250
6735
9415
1364
2494
963
7758
5652
5092
7316
6714
1420
8060
7450
3368
8741
1847
9196
4787
2501
8234
3128
571
7448
7875
7253
1871
9329
2293
3719
3471
8820
5764
1079
2630
4410
8080
6113
3342
8138
8382
6044
8828
8393
3575
980
9000
5596
5947
7370
6087
6543
2733
2852
261
6824
4400
2380
778
1857
3423
9498
7014
2845
1662
8509
6610
6849
9218
9290
5055
5743
8555
6385
6534
6275
7321
1151
1226
5251
4459
2783
6714
6437
7879
7698
4100
3137
4285
5878
8284
342
4915
5960
3067
5140
707
3566
728
562
6363
1969
2890
2623
2278
7313
5761
7010
4840
6978
6000
7394
4507
7656
6551
1786
3431
4544
739
8776
7584
4252
4108
5514
1454
5019
3028
6671
2370
6663
7947
4024
4543
6854
6008
4981
552
6288
8163
8359
1019
5379
5356
9461
8487
8353
3899
5788
4244
9880
2466
8283
5274
236
8909
8567
1834
7939
9684
9651
9549
9266
7467
110
9589
6327
7773
5581
9295
7936
7874
5435
8231
6972
3028
9798
9070
4587
6297
9089
2646
9090
8111
6612
7463
2112
3781
1951
9230
3321
3213
5128
1950
8600
8959
9754
9992
5194
3330
8632
3559
8777
7779
8632
3272
6383
9081
7153
2622
8521
7956
9818
5591
6900
196
4120
2704
3599
7129
7144
9175
870
8416
4599
7080
4618
4288
9452
8128
2800
7662
4840
9149
6385
6583
4515
659
4878
5959
8561
8382
8048
4054
9440
1381
8770
2028
251
7544
5869
7595
2469
2710
8172
5923
2125
6219
8850
1431
1243
7846
5869
6670
1394
4610
6392
1064
9524
9361
9519
3620
1562
1661
3725
9434
5949
2090
7322
6260
93
9928
5122
6381
6366
6468
1023
2722
6639
3517
8793
9364
9178
1956
6771
8341
1355
836
8489
9728
7120
4902
312
9616
3347
3946
2851
2672
5811
6523
1736
2605
9607
633
7866
1553
1412
7925
4040
9153
4257
1733
8295
8139
2251
1258
2694
4160
1138
9929
9875
4598
4292
5633
4562
3276
3236
646
3873
9464
7484
2192
4119
3842
9328
8859
262
4145
5716
7127
2172
8748
4000
4370
1398
1292
9545
8928
2300
2143
2192
3563
4783
4272
9801
4009
6221
4486
4513
5769
2531
5357
5819
9486
6856
9816
4254
9754
9814
2615
6537
2966
7297
8877
5760
7412
191
8231
4174
2463
4877
324
4784
7833
6750
9527
4999
7429
9609
2144
5364
2451
2812
1979
4134
2407
3583
7600
4259
8310
753
5891
9321
3225
5253
3929
6096
553
661
4858
7491
2963
2920
768
1687
6526
5472
5219
5641
8204
2951
8092
8445
1370
9474
1962
6176
5317
5826
8413
3344
2571
5979
1035
8129
7288
9848
978
5617
7723
7838
9508
8929
4926
9968
1806
5199
2255
9829
3276
3488
7896
2819
1864
1137
2416
318
4491
683
8398
1120
9748
9961
5651
1018
5977
9946
8661
1478
2228
5063
5235
1506
1308
8968
5679
4119
7323
9677
9392
8953
6978
1853
9295
8271
8475
204
6962
8032
8819
3531
4035
9468
2468
2610
234
7270
6778
6265
9045
3279
9075
5327
2687
5363
9037
5766
4534
3083
8675
6184
9555
4156
7399
3664
2093
7886
633
4924
8047
194
1330
6767
5665
6910
1682
6805
6314
9652
6241
3585
7591
7806
4760
7960
912
403
3430
1085
4200
8585
4467
484
3988
5200
5686
100
5495
8199
1102
4428
7183
3917
7136
7802
4489
6578
9725
789
6722
595
605
2319
8691
721
7774
8514
9862
5706
1283
4626
6419
3801
4330
7644
2375
3258
1462
3131
6736
720
8308
1024
6947
508
8411
9397
6000
8314
1896
3999
5645
2533
4962
539
3754
8821
4286
6536
10
4662
8173
4493
6635
4988
4571
6838
4821
4891
8413
560
9957
4092
8743
9775
2768
413
415
6636
9891
3347
4369
4832
4134
8928
5143
879
906
9054
5807
2537
5203
4421
7447
1034
1949
9416
7759
1938
8550
5183
2186
1096
9685
524
7922
363
9181
3012
3251
2202
5495
1536
3454
2208
6980
8031
830
2095
6714
3112
2136
9937
2009
5685
2919
4381
9610
9908
1609
9439
2867
6119
1266
4999
4520
4515
2577
9922
7142
3980
5881
6885
30
6325
2436
6994
3945
2602
3233
8480
3456
2834
6517
8881
8781
3458
2805
4992
4160
8651
6201
8542
3944
9635
7555
1872
7443
7322
7013
8441
4781
5779
9518
7160
1729
4955
9082
9364
3032
9313
9195
4328
2504
9855
7711
3881
1610
9904
2551
7616
6761
8864
5405
2122
5113
4943
8636
5118
2994
2188
3743
7639
4502
343
5070
6219
8212
3317
9932
7782
4097
7859
7073
5590
4819
4010
911
3015
4978
8542
6045
8270
562
3008
3983
1099
709
8213
8550
2951
4665
3502
1617
4953
5299
7916
7584
1869
7442
3503
1515
4329
7257
3382
264
9352
5154
2526
6027
8755
9259
2952
7386
7422
9129
3786
5549
1879
9198
8890
8603
4686
2443
8827
3585
198
8587
817
4031
3476
7461
1563
214
6383
6832
9722
5511
2791
2871
6142
4733
1553
8030
2380
8704
4915
8887
7110
6681
1558
8786
1433
4040
2659
1936
7562
6938
9754
4526
3526
9712
7595
8621
1177
341
9158
3054
6020
7197
4727
2451
9462
332
2937
804
6057
4405
907
9943
4258
6539
7343
3697
2281
2965
1457
5605
117
8412
5624
184
1459
299
2216
4740
6851
7846
2922
6893
8615
8049
1361
3649
7231
7796
6123
696
7444
5250
6238
2431
9359
5935
1265
7801
8387
2437
3948
5120
5424
3894
2775
7903
4989
6286
845
4143
7257
6332
3261
5578
7104
4202
7031
8220
4686
8630
8643
2367
5648
3844
7317
9749
125
1273
7863
5416
6680
5348
979
957
6814
2705
2189
3307
4905
4527
3614
3715
9308
8897
9449
7495
6029
9026
7866
4398
8985
6662
7518
8853
579
6203
3383
723
559
3221
1174
9034
2675
702
9436
3279
2915
4750
3013
8850
2492
2948
4083
2981
5847
3208
2706
178
2306
8267
4114
3910
4470
7358
8617
4946
2304
7656
9663
3637
9898
1734
8656
8508
3012
9113
6280
6724
9104
4613
2073
9962
2979
4377
8269
1147
5631
9753
5633
8739
2520
1194
7597
9424
6871
4958
3320
8948
8018
7401
517
6392
2613
3580
1356
7940
8594
3868
5670
2463
1649
5134
6425
9871
1891
5650
1217
10
2654
6525
3901
5494
6392
8034
4970
2546
6187
6121
1565
3589
2971
4865
1160
2110
775
8109
9694
3323
1534
8474
4414
5494
423
6875
3077
1357
5627
5222
5574
172
8839
4039
8183
4417
530
3890
2606
4896
2012
5895
1938
7516
5321
9684
9227
5578
4460
1972
3487
3635
1581
526
9194
2030
1295
9258
3419
2212
3443
2312
8706
6628
6593
3926
1226
2726
2733
2981
5296
9392
8061
9009
1377
6124
522
4240
1052
7815
5180
1292
7151
6052
4973
4677
417
7626
2465
6261
2739
849
5007
7719
2430
376
7825
3581
8327
8659
3497
1193
8225
4829
8822
1348
2553
879
9468
6227
7424
6431
4277
6406
500
1272
1601
3930
698
9077
4549
7294
7127
3652
59
9577
4670
8151
7224
7084
5020
5015
5219
4177
8695
6895
5664
5600
5118
5117
3723
1617
3754
9568
8587
4575
4913
8122
4157
716
582
142
962
8008
8440
7305
1170
7406
5201
8719
1620
2962
317
7135
1752
894
3235
4610
831
4363
1851
3847
5451
1110
5549
9447
6234
1748
9223
8088
6771
932
8959
7256
5345
4702
9723
2889
1819
7494
4886
7107
7392
2500
4946
5401
9365
2744
2756
4474
7917
5775
3695
2866
6864
6491
791
9940
3756
4059
9897
8097
5309
5563
6022
9085
6899
3519
1720
7392
148
4053
5776
2876
6833
3797
5193
2903
8008
4374
6766
6303
6630
7581
9186
3725
7669
6425
5158
3185
2399
5421
3114
260
5056
4872
53
3853
5775
4581
9555
6162
5048
2745
9452
470
1631
8400
2263
9547
8919
7370
8201
3959
8582
1579
8996
6029
3501
7656
930
5581
6420
6362
2151
4045
3170
8454
5157
5093
8015
9808
3861
3966
1173
1878
3086
7030
3052
8026
4379
9710
3432
1951
5772
3301
187
8879
5608
7537
7036
6202
8478
7123
4088
2574
4509
3596
5123
8762
8123
7846
3879
4155
1674
8722
1431
8657
4971
6579
6194
527
4656
6036
8216
8347
6813
6584
257
5860
1557
2600
1236
1513
7533
6475
8910
6162
3266
3806
5108
7507
2173
7537
7896
55
3224
4466
5408
6833
9561
557
3571
6576
6114
5914
1289
5735
1859
2638
8694
8460
2927
8343
842
8455
2121
5711
3580
1612
8809
5690
5483
1545
8438
2434
938
2764
6481
2840
4550
118
1175
3598
8274
687
8842
5588
9820
7782
9805
4734
9220
8046
7903
4620
8850
6975
5362
2342
7070
2438
9142
8115
4735
7177
8734
2267
9874
7580
7390
696
3006
5881
6043
2272
1355
3638
1975
620
7375
1986
8197
9305
537
2595
4783
5495
176
8883
5082
9827
9151
2599
5305
8951
6377
4006
3790
9595
8396
3661
8231
2725
606
4379
470
4024
1357
9122
4053
1473
5280
4503
5083
5934
2582
9857
9563
8041
4637
7829
4687
2786
9951
6094
1622
9630
9630
3154
1506
3219
4717
6483
9139
5913
1692
639
6144
68
8083
6429
1865
9805
3387
940
2287
9197
6679
9568
363
8900
7999
1447
1501
4488
7205
320
6244
3572
3076
7430
9319
8969
2988
1629
6152
1132
4558
8607
1681
4562
3216
4409
9245
7548
3685
3708
813
2867
8105
9614
9654
6335
8470
6163
3979
6958
39
4059
9945
8523
3748
2744
5177
6737
7491
9042
498
9777
2004
4382
5556
175
3133
3210
1292
670
4270
2953
5353
9328
128
5873
1082
3771
9300
6405
3455
7621
5384
8934
5847
8328
2488
8785
4308
6158
2774
2923
8261
3872
3924
3335
6389
2856
3344
4998
7747
7895
3967
7383
4576
5943
836
537
2146
4362
9757
9942
9596
2903
8381
5281
9294
3788
3804
1655
687
1983
2217
5565
5293
6256
9938
1851
9487
4190
2680
3832
3526
6429
8707
3414
7617
9925
2638
7526
9545
1357
6125
2307
3879
3551
1641
1959
3981
4465
6325
2494
3893
3064
4563
5429
5501
6872
6940
8053
4329
2232
2280
9359
5474
40
8776
5589
7704
18
4968
7486
1266
662
6374
7698
9821
8027
4415
4227
9841
8409
158
935
3765
4761
7761
2832
272
1219
6194
8803
5254
8131
516
2304
7683
7474
5113
2411
5544
5708
1759
3805
4672
3792
1172
215
5229
3513
7143
1480
6509
8305
9184
5049
9511
1209
8383
848
5785
4307
760
1580
2989
2063
9733
8566
8585
200
7585
4442
1174
1391
8663
4893
3303
8198
363
7761
3991
177
1089
797
9829
3712
569
5860
6531
1465
6711
7513
8096
50
804
1123
888
3722
3820
5816
8365
8377
3372
2612
380
4076
7900
7041
2618
4475
1919
5943
763
2781
2058
3582
5467
6152
2551
6461
5895
1617
2429
9627
6991
2286
5460
3456
4992
9001
3239
6411
384
1970
3513
2670
8308
3985
6120
9357
7245
7297
879
8199
9702
9783
6167
8419
5969
137
9829
7799
4618
7218
8805
815
3837
8315
7129
3024
9915
9966
7472
4496
160
9778
4279
371
5324
5445
780
5577
6558
3954
2115
4608
9621
4608
1945
1852
6095
4211
9010
160
3282
910
8282
2110
2301
9860
9635
8020
2684
6006
6605
2708
5777
624
49
6993
6544
9416
1624
7081
7061
1985
5638
4203
7507
6022
7013
5295
4851
4183
5698
7857
7800
356
1089
1801
4499
8010
6674
8295
1528
9691
4647
2581
3293
2520
6168
2415
7476
8524
3053
4764
2487
5795
8519
2693
4806
9505
2231
5378
1349
1230
4209
3387
4632
974
2984
7270
4553
2911
9388
3164
9938
4688
607
2662
1158
2816
9175
8977
9492
5377
2029
2290
9860
3751
4027
6521
1439
5740
3364
5777
9136
1005
3011
1684
655
2975
3159
1539
2649
3899
2172
1974
1990
5466
6742
6222
3021
3460
9834
9447
1293
417
4101
365
8248
774
2332
4388
8765
9258
9002
5310
719
6310
2437
3992
736
848
4008
9750
933
319
37
2632
9694
5593
6010
2811
5905
3458
3207
8553
5574
4664
1907
3802
814
4869
5439
9514
1087
8595
4448
4067
7313
1867
6560
2253
7670
8883
4956
6368
226
3400
5322
5437
5199
5571
9896
9417
9341
4158
435
8888
2471
7873
107
1920
6292
4193
4552
4189
3013
4828
7603
6198
417
3550
1988
6546
1043
1365
9688
6811
1766
6443
7638
2004
1167
757
8122
3046
9331
6703
4120
4027
1464
6951
8205
8729
7842
8416
2188
7150
6685
9302
673
8045
3397
115
1252
4388
386
5528
9717
6622
723
8326
3196
9661
7079
7884
842
6890
9597
628
2311
6343
5544
7452
3925
7238
8072
8387
5457
1515
4327
9761
782
2977
3144
9228
1813
8535
3901
5239
8723
323
8964
991
1458
7959
5343
3748
5527
5452
5133
4008
5541
8121
9899
8469
6730
5381
3576
3213
9507
7154
4398
5469
2415
2680
3647
827
5475
5788
3186
7864
2247
9706
4038
2627
702
9331
4079
757
1146
4727
2440
2738
4441
4842
8502
5465
5369
8011
3908
3502
1843
5373
7080
9836
3002
6564
5970
1401
5587
4040
9108
5955
205
6787
4414
8401
9665
9999
2159
457
1390
1043
6882
5482
2903
6239
7184
4261
8604
4432
5027
5784
6524
4856
7414
4707
4948
9608
3904
4987
6835
6732
1136
1757
8525
6564
3954
4328
2233
3623
2230
3244
7370
5132
1304
285
4679
6164
7655
7126
2679
1410
6720
590
3501
9224
1349
7967
8802
710
3504
6763
7160
3964
1928
9927
101
1600
8382
6544
4985
69
4823
4855
6768
1678
8927
2869
8274
9421
9237
2557
7320
9789
4812
242
6683
5802
7541
3152
5067
2987
6288
5107
5033
8832
7281
3503
3232
3427
5750
3985
4970
19
5023
1865
8574
4217
3818
9793
8200
8534
6791
3357
119
545
1793
6612
3079
969
7518
5830
2498
3549
3657
7190
6768
808
9426
4872
6652
117
4993
5611
7441
3731
707
5268
763
6801
1922
737
9258
6978
5046
1194
8163
3583
1910
7084
8773
3787
5232
8769
1307
3762
4484
6148
4135
4630
1698
8594
5626
7050
6134
9815
5068
4591
2599
371
1569
7601
7396
410
2873
3592
3011
1128
900
1512
2379
6539
7069
2851
8414
3864
6884
9611
4644
4991
9127
4441
1399
7397
2495
6
1291
8911
9538
7882
9453
8318
5123
7003
5980
7808
6873
9937
4180
9899
4293
8249
143
1818
1946
5075
5775
8281
8776
330
8335
2128
7448
6197
8162
3661
7247
4337
814
5195
6630
8807
7856
3325
8343
9666
15
2850
1142
3075
523
5865
12
29
3380
2973
4157
2556
9223
1353
6
952
1376
1362
3938
6211
7266
4294
4309
9682
7396
6009
9296
3644
6735
8765
3658
7003
3903
9404
1846
2955
5950
6175
3627
5963
152
3711
9784
7987
4116
5277
5251
7290
683
5220
1999
4790
242
2311
6836
5262
7660
1269
4714
2278
1066
2957
9899
8850
2019
5298
6643
5968
8176
6501
6046
5488
7720
2481
9249
5711
8347
4844
8476
6796
6078
8256
8236
5662
5639
4639
6479
487
8266
3100
1606
2091
356
4898
3346
6870
1633
9001
3590
4384
8058
1127
4594
5986
8097
7089
1235
3727
2968
6500
1464
3540
9788
210
1883
3223
7831
1623
9156
8714
5812
4169
5752
162
4881
7935
8235
1671
6424
3070
2866
7593
1128
5626
2333
2199
1303
6126
6688
4241
2489
8419
2681
4415
1923
7798
6452
268
2961
4889
6501
9183
8993
7420
9613
1042
26
7250
2956
6432
2306
9892
8964
902
7906
2090
4719
4302
8134
8275
5992
3432
9594
2769
9043
7947
6427
6795
6964
4793
9166
2094
4484
8558
3321
4666
6870
6742
5592
3154
1129
8545
4547
9272
9780
8796
1697
246
3540
106
4400
7643
3781
9414
1775
4217
9302
3892
7011
6868
4275
6137
7798
7432
8737
5766
3586
5692
504
2960
9459
9615
6395
6385
9281
3063
6268
2564
9078
8425
504
1115
8526
1586
7740
5723
2908
1550
3059
5420
5097
4079
3018
8317
9157
2030
721
4051
1071
9528
6022
1599
8952
3256
2749
7076
5704
3648
6687
633
2014
8657
1059
4210
2276
5800
16
170
6072
555
5442
4786
7914
3586
129
8283
3587
1587
5731
7659
7585
2199
5719
4571
9269
703
5653
9596
441
5298
8148
8237
4226
5021
7928
1994
2563
4327
8747
4198
2931
1190
4890
1330
5723
1617
5129
5307
7183
9539
3374
8433
9146
9489
7131
2871
155
9036
9479
7146
3084
8876
5874
6384
6385
5887
545
9249
2900
1986
4308
7413
912
3527
2950
5642
2185
6971
1349
854
9968
4260
4596
4759
673
3298
1685
9948
5619
1167
8104
3133
2429
9790
6094
1966
8031
6411
6269
3758
3399
4757
4745
3423
6655
1775
5220
9676
4975
5085
3768
4592
3567
7824
4144
1786
9190
1113
9325
1238
2743
6703
312
3611
2896
5872
5063
5896
827
2365
703
219
9243
7871
5600
7249
1529
4738
5797
1965
916
443
5779
6947
9648
7177
7148
6580
4560
3138
7992
3761
1517
9076
2588
5542
6145
5104
1779
4469
2675
5465
5753
715
540
3169
27
701
3156
9510
7585
1693
6706
4593
6472
9815
8299
1505
446
6953
3037
3149
1822
7120
6454
6822
3846
5459
8196
7128
5752
1216
7657
4876
2299
3193
903
2536
4263
435
4515
7119
5621
4493
152
5344
2515
2876
2623
1980
5009
6937
2923
1885
742
4441
2757
4802
8698
4243
4162
9385
9334
1992
7123
4679
9083
1894
7386
9552
2193
2277
3609
9454
1067
568
9598
7150
1052
6854
7432
9508
9401
6190
141
2344
2194
6287
5174
331
4937
1582
6296
881
8272
3182
7433
7256
5236
5530
9415
70
1311
5333
546
3445
9520
4597
826
7912
14
3833
5501
7177
1983
3535
9945
366
3870
9269
547
7584
4781
7332
3641
9281
7501
7247
6223
6815
8861
6661
2232
1026
740
1562
3964
3759
9577
4435
2055
3823
8926
2059
2923
5865
8939
9646
3667
4721
2083
1951
1673
3043
2586
9599
8417
3861
1793
7155
8614
294
2916
8673
5207
1201
3380
8058
9804
4091
8844
7381
9963
3198
4592
1490
5720
7954
2429
9740
9181
9960
7555
6182
7979
6965
6495
415
3250
4888
6789
2425
8457
4186
6382
4045
8714
1693
1642
1081
1312
3996
3966
4366
7790
4061
9489
9659
7635
1219
8336
1992
3323
2781
8602
8805
3627
6618
6105
1663
8092
4138
1549
3933
7108
4736
3231
6496
7028
2709
8544
2217
9936
5436
7309
8539
1290
6814
4004
868
8056
3284
2017
8275
665
5912
9610
9459
1188
7348
2633
6832
2734
9906
650
1210
4707
4775
2420
4308
7721
9507
7199
7957
461
4207
5190
7710
600
7136
9578
7238
8893
6115
6915
6572
7647
5343
2751
8339
7995
6626
1614
5685
6419
7080
3098
8856
6209
1489
7645
165
1076
2151
2441
3973
6815
6744
5746
3003
5283
6540
133
5253
5886
2852
3812
6668
282
3387
7568
562
5704
9596
4812
6964
8809
5045
16
1709
2261
578
2361
3031
512
5011
8056
1960
4999
9197
8342
4506
3523
1544
3907
7284
2787
580
57
378
940
809
6262
8066
8121
5936
8807
926
4437
3136
6106
5952
6330
1967
6600
1036
3616
3515
4446
6599
1677
5312
480
5636
3124
8910
587
4254
4935
2023
9431
1173
9777
6757
3894
1216
2665
8471
4012
6476
5325
4507
4209
6075
1450
8792
5606
8563
1188
4029
2200
6736
2003
3315
4031
7275
9197
108
1696
9509
1716
677
6675
9024
4557
519
5092
5544
2657
9115
4972
2254
7225
8167
7137
7748
3796
4870
3536
1413
642
8041
9678
2603
981
8362
219
2808
6711
3776
6182
2367
2423
3668
1120
951
4420
749
6662
7624
4291
6865
5771
6029
8869
4073
2383
4127
4568
988
8011
7230
3624
7957
4639
5259
660
3179
6624
477
3686
6601
5865
8032
5747
362
2291
7179
2991
7000
6687
8431
8623
2718
6035
310
7224
4219
2557
7292
8264
3376
7905
7336
3431
4366
8492
6726
5920
1677
7404
985
1307
5505
412
1806
1571
1218
7894
9781
4069
3233
5071
3381
8586
6062
4800
7619
6141
4479
9109
185
379
9582
1980
7656
9019
3494
3486
2959
1122
5463
1383
2330
5728
450
3599
65
597
9839
3683
3613
3553
8692
6824
8153
5713
1495
5011
9720
2569
7843
7568
3467
6151
3510
5315
1264
7391
9249
3540
2887
8023
2044
2538
1121
2067
7352
2752
9812
5456
3062
551
9184
6300
7616
8027
2717
9220
8208
3110
4861
4090
6863
4090
4658
6504
8932
2742
7173
7810
9811
257
8653
3014
1872
8900
7407
8021
5338
8760
3481
8034
7537
4882
6641
9510
633
637
1504
7109
6391
1449
9160
7071
8536
7959
3949
5475
8725
387
4828
1880
8007
955
2772
3007
5623
997
3062
3712
1014
4238
7596
9419
1347
7863
8174
558
1269
5132
6012
67
1179
722
4366
7448
4254
1263
5884
2647
1779
4600
3137
823
9620
4611
6955
5138
3645
219
7709
6777
143
7708
2292
4276
1749
2
7152
1013
6271
5874
3671
9104
9701
2186
391
4200
4422
1215
64
7957
4871
9413
2982
5877
1685
2350
6558
5870
854
4409
5605
2210
7374
7791
8458
6066
2977
3983
9571
3715
733
3491
8258
7221
3544
4683
5318
9173
1585
3440
484
5027
2761
1028
2006
8615
1173
4014
7631
7354
8612
8932
7412
9139
4379
1112
5757
818
8401
8047
6035
4187
2325
7993
59
4933
5853
2407
9407
2252
2093
8690
8269
1033
7935
2823
2276
4161
418
5315
4649
1779
8932
802
8588
5935
8756
5605
8222
234
846
3404
4175
8793
6420
848
1798
3187
3646
9297
4167
7420
3739
173
9299
8116
7605
656
364
4534
6600
4417
2261
4656
700
6429
3199
5604
8788
3327
460
1196
2834
5482
1753
4648
9901
1904
6340
4436
2550
8022
7984
9681
9719
9372
3601
8790
3443
369
8674
5779
6208
2585
9085
4322
1211
78
6087
8002
8575
5621
5382
1916
8793
8670
5160
8281
7875
7912
6863
3551
2228
2048
4887
7257
9789
1090
4605
8089
5005
8489
8385
4767
2936
6105
7623
6359
7336
8888
8234
6451
9732
9666
4888
8535
3515
5769
1297
2087
886
6390
390
8169
4552
7296
9255
9801
3200
3890
1234
1594
6600
8874
2588
2286
4025
2353
3391
7868
5275
6420
4081
1499
7085
4795
619
4851
2995
3139
6395
4669
4445
7798
3994
2179
447
743
9196
926
463
945
1326
1771
6019
985
9919
1480
1079
1734
2126
3047
8358
4624
496
8473
598
1991
8553
3539
9800
530
5706
9660
128
938
500
5610
728
5058
5487
194
5152
8980
4856
7698
7615
4055
1422
343
3759
4449
5128
2100
9470
9065
9592
5889
466
8592
7452
4157
1724
1490
5087
4205
231
4689
6456
9338
4890
5750
4967
9196
7291
1944
5816
233
5958
9862
3066
6319
9232
7402
2918
1977
2781
7193
3889
3947
2971
8849
5047
8341
3965
2679
7614
2399
8760
2266
1527
6771
94
2017
9041
7995
615
7097
5974
3851
6974
446
9217
6379
8266
5079
3001
1997
4052
1237
5650
3870
5331
8014
68
8197
4491
9878
513
9219
2529
7912
5803
7536
498
9689
1286
4109
9543
3795
7499
6204
8075
9733
7204
1261
3363
2861
6922
451
2061
4442
5162
488
1685
2203
8874
6518
3056
296
1278
5511
2537
2536
6389
760
9220
1177
9798
7818
6997
5480
3138
8735
7062
3903
9040
1392
1276
474
5326
5734
9364
147
5643
1892
6876
4363
2268
9090
1616
2796
2053
860
4957
2277
9558
4365
4794
4538
9130
913
927
8011
1851
8046
3948
7582
1126
7171
8108
8678
9273
2705
4615
4642
722
3190
6918
7284
8250
2944
6269
5610
9197
2902
6353
5460
1342
891
2056
4157
7636
689
9026
4458
1657
5401
8240
9012
5567
1548
3213
9423
4432
1375
1036
4571
3097
9654
141
4521
2137
7572
6481
7846
2936
632
7445
5691
6624
8769
4641
5181
218
7183
2777
3393
7668
4608
7390
7520
1747
4606
7315
41
8939
9735
8133
1294
4916
1435
5270
5876
3196
2963
6140
4491
491
7851
5889
1880
2085
4917
717
623
9902
1429
8708
8150
4367
2386
6232
339
688
6415
9229
4792
8000
1604
5812
2307
1539
6777
4207
385
3476
414
8260
4122
8235
1509
2097
7193
6486
176
2313
3063
842
5201
8377
3571
7692
984
895
7111
2893
6679
9677
8439
6319
4749
740
3875
655
9833
6334
1165
182
9248
9921
8307
4867
6603
1244
30
78
9450
4051
4095
6466
2595
1565
8058
4284
1614
4556
1010
9948
5243
755
1162
6957
3744
1062
8286
5957
7785
7495
2857
5399
2177
2236
230
9484
7947
7471
3096
3806
8093
1453
4883
7355
4138
1980
1705
2415
833
5034
4947
9689
5194
4983
5703
1100
9919
605
1114
1974
1664
3395
9438
593
5820
6005
835
2449
814
8808
3129
3433
9183
9436
7240
7882
2636
4806
8178
6404
4646
5704
707
1124
8983
744
6919
2251
1306
6488
9019
6692
6617
8892
2752
1080
120
8381
9922
6996
5301
6293
9838
1453
174
6097
4869
9259
4561
9355
114
8019
7207
5427
5258
1366
7701
9373
9301
3783
6312
8076
7988
2485
5269
2609
8266
8199
9964
8600
1895
7402
3924
9218
7311
656
7434
1500
7573
6384
394
9723
4569
6667
171
1545
6176
635
2197
1141
9276
5354
6388
7403
8695
6037
8245
3258
5989
4
8247
7714
9483
3761
2913
5725
6354
9460
8776
3071
9779
7070
7799
5621
7592
9888
8889
737
2279
912
6697
6627
3015
896
2023
146
4159
4062
3968
9668
2661
938
2168
4911
3582
6731
7895
1899
4323
6426
1197
109
7367
4816
1990
7529
6169
3778
3809
4001
3789
966
6040
1449
8218
7114
4775
4241
8363
6320
764
5876
2209
693
2834
1545
6120
7680
7654
4603
5678
3343
6188
9078
8515
8684
1295
1183
6607
3009
4833
7385
7696
337
6213
387
4560
25
8145
2916
274
8051
9968
4266
8330
1653
7804
2941
8863
7939
6990
8437
4770
1140
5351
1285
9271
4526
1222
9063
4224
1806
6891
5451
4305
6704
7961
5408
8251
5097
9048
8764
126
2708
3624
9154
3788
9045
8591
318
6222
1119
1168
8282
7089
5148
8782
9343
8974
9207
226
8195
6946
7115
6504
6730
9404
8750
1514
3484
3413
2124
7893
1917
8062
1413
4159
5063
3895
7264
8817
6730
7862
1446
3613
7590
8519
4659
8334
7273
6898
3207
782
8481
3872
5158
2687
5862
384
946
6242
3853
4984
4169
3987
8662
7049
2516
7041
3652
8037
5584
187
2443
700
9413
9149
3936
4553
6461
9497
182
1476
9628
4483
2509
1168
5046
9275
2356
9680
1298
1654
6961
8069
6983
9578
8286
8117
1994
4061
5981
8531
2982
5989
2981
3216
2344
1808
6817
7748
2095
6859
628
1581
1091
7481
377
4808
7958
9656
5412
1461
9896
8012
5738
51
350
9969
3737
4710
8626
891
1137
3520
5996
5421
7503
5089
9429
3679
4544
1048
6194
5188
2503
6933
2129
3869
7233
4273
3014
6884
1221
5470
7955
8257
7082
8514
7228
6748
6314
8691
1497
204
6847
417
7774
7214
236
2986
4220
2775
2879
7174
5916
4653
2136
9252
9472
362
5403
9064
5798
7539
5818
807
2660
3811
7852
2622
2
7576
6046
4920
442
295
2201
364
7882
8991
6992
9798
7385
4496
9562
4541
4606
2772
776
7473
603
3096
4931
6054
8250
2369
2057
9851
5762
3592
7464
1699
5258
6478
1178
7207
3167
921
8885
6369
4456
1450
4078
1210
805
639
1557
1140
7417
6483
7385
4634
840
6820
1095
9381
1053
4919
4371
4728
3492
9928
106
8186
2026
763
3376
3961
6656
4162
8953
8639
4167
1060
1182
5700
1630
6820
5834
8469
3140
9412
759
3567
7423
6125
9034
7419
4667
8145
8310
7020
3530
4836
4333
7546
8570
6760
3959
4443
2971
4121
9497
7910
6701
4943
1585
9753
1053
6381
3763
2621
2020
5511
2610
5367
4109
7964
4765
1597
2506
6367
4908
1309
261
4457
3035
4045
4553
5112
40
5483
2134
4265
6631
6575
7335
6204
4883
8415
4200
7486
4764
2131
9759
3635
5779
9652
4819
5858
2229
3469
3890
5892
632
5843
9465
8993
8414
8872
4856
4071
6645
5727
1398
6461
4415
2978
512
2331
2671
3710
9312
1132
6279
4823
2479
3869
3828
6241
6145
8709
1791
8843
5653
9646
7686
2047
2626
8506
5712
9304
2258
9903
3241
5610
8857
5848
4191
9256
4994
1237
7213
8113
8132
8566
1754
8354
4766
4290
6972
5319
4469
994
7931
3325
6309
8368
9106
7714
5562
9067
2038
3738
7892
4319
4343
7626
934
606
9450
6626
1160
569
9891
3815
7271
3966
5741
8839
7284
7112
8125
3661
9440
1119
9606
40
9296
8341
159
6810
7472
6313
6767
8042
8814
9296
242
4927
7393
7878
3044
5064
9508
8291
6116
5897
6373
4680
5788
5690
3112
6561
1953
641
1971
3630
4233
9158
7339
8016
5503
4673
2973
3711
5869
7507
723
8581
6435
7109
5639
1905
7063
7926
9752
2547
88
8584
586
969
2099
7011
8834
9013
7240
5696
1578
6252
2842
1384
9101
7837
40
4125
5243
1343
256
1274
934
62
5058
7029
5522
8506
3592
6064
5463
5601
6075
7585
8540
3123
1988
8914
5295
6459
2899
4195
2410
5681
7133
3146
2049
7536
6291
8568
381
1039
2280
8478
8458
5063
1907
140
9775
8068
2760
9890
735
5155
5253
7694
4244
9868
7746
1661
3126
4826
5429
6389
5984
625
9810
1077
9714
4168
9550
4831
2993
1338
1504
4428
372
1501
9765
4679
5226
3293
6062
9458
1732
3016
5141
416
6590
889
545
1732
4951
9729
33
8673
295
4595
6373
8281
4948
7550
8015
6049
8222
3987
3665
840
9467
3873
9065
8023
2236
8708
7252
1217
8914
6833
8039
3434
4460
5086
5967
9421
4549
7081
779
870
3010
0
1907
5464
6381
829
6334
2279
5614
3422
523
3138
6705
3612
752
1326
1679
8733
1094
2397
4172
9671
3731
1191
7552
42
7112
9460
6394
5376
4839
886
7784
5382
2407
6968
2502
4517
3434
4024
7876
9687
577
4991
6132
4570
4924
7657
1996
1782
5896
2896
931
8109
6227
1822
156
7198
5666
3751
9937
6500
6162
1260
7401
2055
6728
7120
7265
6501
3853
5154
7257
5772
5326
8908
4900
3295
9496
577
7951
9101
1984
1143
8764
7783
163
9279
8260
7853
4839
1527
2765
140
7860
5385
4902
6010
9963
4232
6910
9127
3384
2103
9622
5014
3087
7146
5576
2772
9986
4856
8758
3116
2504
5919
6374
128
7394
8138
2922
966
4662
8276
8084
171
879
8060
7496
4356
6373
7455
6024
9457
3063
9873
5343
2735
2543
5861
3135
6458
2082
9934
4381
1361
6573
7722
4794
7583
9231
7717
419
1246
196
162
6675
8389
143
3243
1283
420
5217
3364
4220
5955
1438
6586
855
320
9300
6350
1995
4317
8741
2128
5785
3715
137
6812
5028
9629
8852
6133
1771
8986
3378
8734
3230
1052
3365
6348
7939
8775
1423
9409
8683
2705
7442
9158
4426
2125
357
9515
6738
9744
7902
5791
1861
1127
2921
3200
7788
5616
2251
7393
8247
8409
9705
8871
4424
2947
6291
1896
2166
4818
9259
7518
4029
2802
2425
4061
4642
804
8780
5358
9444
1299
7414
5524
8875
3437
2239
4908
3083
7951
4484
2554
3999
395
7979
5504
9423
1190
5118
1154
5618
1761
8013
340
9838
1442
8011
910
5336
642
173
8681
5040
1125
4580
6009
4777
4923
5875
2410
6965
8325
2765
9613
3012
7869
9575
2207
1583
5146
1547
4926
9364
8274
7928
5316
8306
1922
3311
6222
4781
9169
340
9413
4732
2291
8940
4390
2013
7759
7446
5516
5407
6551
1858
7420
3509
9320
9956
4200
9968
1639
2295
2240
536
569
6524
2389
645
5817
1205
8640
7698
397
5473
9546
267
4685
1188
8798
6480
674
8613
5022
3937
5283
1628
9514
7163
8758
6742
7784
9740
1645
4787
1719
8112
1047
6599
8250
5808
6376
8906
2776
8093
4492
2475
4823
4053
9450
4387
5825
5038
223
8163
2664
3858
5248
785
2263
8720
624
8430
1500
993
4393
3868
1504
7269
6503
3643
4549
3379
1938
3710
643
760
7346
3543
2754
9935
2629
5790
7901
1366
78
33
887
4287
7394
5091
3897
3930
1459
3931
7183
5326
2200
3327
8647
150
927
4448
7522
2537
675
485
4379
7575
4063
9206
750
401
1747
3646
514
6228
9873
4234
2180
4991
8503
2374
4561
6612
6065
2858
6149
3679
7922
6507
6581
3049
549
1157
211
8194
5934
731
3248
6433
4322
1860
7222
9513
9108
181
9246
4031
295
9897
2387
4524
8827
1492
8617
276
8267
8211
5297
9355
5302
5918
1568
6223
2148
8524
1251
7768
3392
3868
7963
5144
6748
3627
878
3443
1980
7443
1958
7016
7114
7233
8596
3374
4742
5635
3281
3431
2245
2200
6391
6520
6507
9072
1953
2333
6229
8302
381
3632
1994
9365
3538
4797
4848
2254
1640
6511
3418
7390
209
8084
2763
8550
4440
7823
4867
648
1719
1398
117
4157
3197
2829
5995
7763
9334
5354
2244
3404
270
1105
1014
1936
4809
9731
9170
8333
8697
6164
6069
5139
8528
2990
8542
1863
3417
1110
817
8207
8424
2204
6836
3877
2757
3510
6587
1984
4819
8251
3610
9557
7814
875
4620
6221
7855
1495
9854
6018
3470
3562
7886
5552
3391
6767
2271
5088
7423
8863
4322
3191
2968
7232
1593
1706
9874
7969
7941
9660
3221
9394
2867
9218
4336
8624
4119
3884
3234
9945
6499
2475
4186
6685
9102
121
878
8665
6619
8929
4668
9018
8659
9017
6526
1424
7695
4994
8916
4069
1774
2728
1120
2954
4654
9468
7421
4779
8630
7259
1961
4465
6634
94
7329
8822
4918
5627
4080
5945
7255
5602
1075
265
136
2594
3898
1393
9777
4676
4342
1044
233
9269
2746
8
5981
3892
7208
405
4856
4969
4686
5227
3730
6292
2395
661
6316
6086
5277
1732
9072
9056
4544
3088
2288
6834
1137
2157
6811
9909
5533
5876
7270
6310
691
6251
5021
6731
5830
8710
8023
4075
9588
4727
2443
7500
2319
3817
5151
3979
3503
1081
7748
296
7610
9344
3903
6004
9787
9244
735
8383
3081
3373
1861
5946
2688
931
4434
8844
2491
302
9062
8157
5081
7103
1165
9969
9219
799
4262
4076
1196
9948
9308
4178
3309
2540
727
1267
6439
6239
9894
4675
7696
7402
7240
4542
6916
4087
6128
9329
71
6684
3993
2883
4488
7312
9106
8701
9260
5
1408
3011
4693
1864
3727
3105
1026
5393
6203
820
8325
1915
2051
3114
1446
6472
3734
9544
9909
9493
1675
4383
8871
6959
7615
2991
7593
7195
974
6195
9512
8652
2856
1046
9145
1466
4578
9325
3167
7278
5766
2260
941
2412
1131
6901
3490
9133
2475
7298
6795
8017
2264
7506
4135
1690
3069
3832
2042
2066
3071
489
7432
6876
9219
5608
1053
2216
6567
7625
566
6584
1327
5033
8710
94
1565
873
4446
9779
2341
293
8186
1299
5363
8693
3902
3004
3459
147
1908
9450
6340
904
4707
4948
7484
3512
3194
6833
6093
9302
2153
4099
5510
6484
5573
107
6098
2654
4290
6327
218
2069
5815
976
4235
6322
9704
4489
1505
2574
545
4381
6287
5856
3363
9493
4054
3749
2745
4334
4869
367
7687
4267
9
4462
8497
108
5502
817
1154
4554
4983
7044
5261
6525
5803
4505
9027
7743
2369
3668
7044
1170
3818
775
2278
9961
3201
7345
839
4731
857
460
3800
1857
2064
5855
3036
2644
7137
9946
6701
5731
1483
1874
3164
7735
4050
4213
1329
470
740
6616
8399
3612
7957
9369
7757
423
2872
1784
9362
1135
1283
675
1972
371
1664
3825
9963
9092
5608
1020
2262
6838
6533
2245
7003
9116
3023
745
3419
9190
9258
5450
9958
6162
1704
3954
204
416
1118
1144
920
8195
1623
7295
4786
3978
3806
8677
2917
9386
3963
5856
2188
5863
1279
5073
8992
4704
6375
3237
3226
2286
2217
4094
407
2575
6326
2608
3169
5994
6469
4371
9826
8286
1741
4669
1310
545
4513
2107
978
1628
5278
8645
6078
2722
774
3450
9062
5636
7651
9741
8952
3887
7244
3718
2673
7770
231
3203
2655
9248
392
6885
2583
9394
1489
6889
2807
7561
5286
2651
9740
2458
534
6694
5023
5061
4539
2874
2532
9401
9180
7591
7332
7191
6405
939
3511
2343
2056
2623
4289
6524
8913
8909
5181
4760
8505
4675
847
7170
9938
1809
2795
6292
2630
7967
3052
3828
4555
1906
8251
6076
8878
9241
5423
7617
6256
8860
420
5337
2907
419
516
4248
9339
4231
525
6854
8656
811
7423
4709
3484
3003
2258
5706
7768
7956
66
2922
8859
2109
3124
2679
264
4020
6438
2260
9175
4397
1363
6228
1663
6711
5308
4009
4832
6531
3048
5017
8805
9287
1586
7371
1786
9546
2258
1828
5219
6719
7016
957
5099
9493
2832
6060
3975
3220
2631
6549
3473
437
276
9034
4180
2328
3889
2452
7270
5455
9443
8243
9559
9516
9934
2161
117
7902
3358
5845
6798
2090
2245
1809
5359
1376
7378
3237
4215
8589
9727
4171
8357
4576
8856
1470
8572
3373
1812
3511
6082
5993
7270
8817
6305
4520
2146
3663
7824
4902
9807
4717
7105
8967
3615
2768
5999
7579
2677
1142
8627
2591
7291
6629
6549
3719
1281
8668
4005
5757
1665
4353
7962
1000
9430
1069
4687
3106
2847
4142
9051
1032
3790
8753
5015
4144
4504
4020
7581
7579
2952
8740
3550
9165
7441
1138
9436
8433
4127
9502
623
1848
7118
3316
4340
2389
3681
1983
3941
588
4679
9254
3473
2007
9105
8371
2411
6569
78
7892
6574
1313
2010
2584
197
3587
3212
3714
4076
6806
5714
7748
273
814
5038
7946
4411
6418
7347
4734
390
5005
5341
5336
6024
547
6908
4421
9474
9227
5117
2025
3259
1105
8938
9569
3255
9474
7764
3551
9184
2509
3795
3719
9655
9279
3271
8349
9986
3548
1399
1991
881
8413
3764
3471
9550
8526
1314
561
2271
3587
2949
9408
4496
2309
9719
89
3901
3490
434
4821
2462
8601
4185
5621
5358
1372
8187
5893
6816
6949
3798
4518
6443
4818
8905
5168
4383
1047
9602
7282
5614
7100
6315
347
5534
2044
6775
1777
7583
7908
4081
205
8392
640
2551
7547
1196
5647
7416
8799
444
3174
8889
5838
589
8803
4024
2675
7001
9634
2223
8295
2260
9272
9545
7809
2268
5508
3048
7288
2965
744
3449
5806
9865
6024
9739
2852
1833
2235
5633
9336
1189
1415
7567
2119
8585
1303
4954
8368
8965
7646
6452
4635
6318
8380
6753
2756
8351
4046
7052
3274
9294
8952
9183
7216
7424
490
8343
7112
4023
4926
1281
2519
6985
2562
1407
113
3518
4630
2983
915
9048
7158
7148
3855
1916
8733
8138
1966
9889
8215
1192
4801
5044
1847
1241
4567
2257
5907
6111
6323
4351
5197
6622
2753
9009
4358
2588
2910
3987
9975
7762
655
7348
8877
4874
5614
6921
2607
3398
7324
3891
4413
7564
7694
9832
7200
47
3203
3400
6330
6345
144
8814
5766
5666
8492
2326
1566
3084
8719
9096
789
3547
1326
9027
9616
816
5116
316
6119
5396
9488
3723
3659
8190
5485
9078
4558
6437
2372
8013
7024
2077
1525
7811
2180
5589
1616
1655
6720
1158
3398
7554
2673
880
4768
2902
65
8487
7781
7764
3164
5782
3532
5248
8813
4834
6096
5642
989
4739
9047
4861
5771
3517
8507
3851
9852
3082
1655
4369
8756
6609
3954
4728
9671
5840
2668
6583
9158
8129
8875
4392
6564
6652
2694
2010
7449
7819
5878
3328
4987
3059
3931
8806
5995
8202
2768
3484
9836
2080
5360
9720
2016
9846
9227
4656
1680
8598
7167
6676
9199
2856
9479
1926
2112
4158
2944
6707
7183
5005
3248
3336
2761
8271
2261
4900
217
6970
1039
3602
6295
3143
8032
9577
7357
6294
602
3326
8270
7996
6049
8116
3840
3536
8552
3173
8584
9634
7706
7070
4000
204
2707
5057
8196
3209
2715
9869
819
3839
9863
3127
3588
1182
9502
4942
2655
1778
8241
8756
3456
4234
648
2969
6417
7055
6397
5998
2301
7474
9383
5126
5
3770
7758
8854
2504
1466
2285
6792
7560
5649
7629
5980
4760
7599
3462
3646
2487
8137
7316
738
5233
8689
8474
3909
5156
4885
458
3879
7657
7824
4100
5656
6838
3137
1133
7782
3759
8667
2241
4024
9580
6122
2880
1768
3540
724
8172
3236
5226
8869
9188
5712
8988
9097
3591
2808
5133
2689
9848
3994
6250
9876
9668
7861
3870
9424
6478
9563
5001
4670
4758
9664
6053
1760
7344
3500
3091
4020
5961
6963
4632
9201
9008
850
8505
8494
2512
221
1988
3530
7459
8325
9580
7205
4481
1763
8625
9601
254
1907
387
5977
9871
8482
3356
8248
5979
3475
1993
2247
9275
9581
2577
603
7488
2432
4253
1235
4721
9771
5179
9714
9246
5077
2205
5361
3400
5255
7368
8229
4869
6428
674
8285
1903
2362
4150
3315
8864
3601
8910
1558
8936
3164
3687
2331
3945
7183
2804
1352
4989
3985
1163
5511
8906
2379
5946
4951
6844
558
4638
4054
5238
1856
1923
3200
8312
1655
8113
9398
2933
6144
2302
3980
8281
2433
7702
1849
7500
9319
8337
3535
8999
2779
3942
4969
4032
5512
9906
3948
4251
4964
7773
4884
7896
3886
5727
7144
9724
5214
2267
7199
4468
1135
5594
9006
1691
1020
9210
2388
5960
7293
6157
8851
729
2263
6631
2461
1261
5279
3506
9171
1388
4727
5609
744
2130
532
4337
8454
3620
7132
9111
1231
7979
6268
6306
6053
687
2914
11
492
9478
3225
4705
2785
5277
3562
7593
3234
8808
6638
5855
4420
1675
8204
9460
242
9729
5822
4813
5604
3876
5712
773
1074
9197
3653
59
3558
8870
4136
7863
6260
1056
1620
7835
9554
4826
2663
6572
373
9334
8903
1224
266
1970
4154
6075
5942
2503
6966
4188
9167
8386
2590
7670
1780
7670
8230
6169
5692
1187
3258
5646
7422
642
837
2764
328
1835
2122
9647
3459
3916
1219
1780
492
6240
8611
8426
1765
6124
7972
805
1082
1743
492
6362
2517
7800
7828
6359
3430
2195
3064
6788
854
8034
6405
4859
1123
6838
5846
1662
2746
7118
2873
9263
656
4509
4771
2800
5313
7499
7714
5640
1004
5988
9687
7505
394
6756
2210
545
5417
9139
836
8669
7184
4016
3579
5216
9941
9740
7581
3354
6563
4907
2067
3205
2895
6973
5480
7967
928
8050
4629
2841
8870
8654
6335
1328
80
5246
7611
8251
3891
9645
7250
8000
6882
7182
3005
5919
8687
3138
7128
1546
8438
96
7831
5745
4687
4660
2842
6602
3436
6430
9533
218
4194
4698
5605
7126
4927
9288
799
711
7913
8007
5937
85
4470
3284
5968
2574
8250
8067
7113
932
7799
6222
1672
7555
3159
1969
7187
3481
9311
1890
9257
9601
9766
2871
9886
4313
7681
1147
9953
5870
1439
3850
6016
3845
2194
5323
5668
9072
5218
7544
7149
2001
4526
1925
1429
3179
9944
7296
1049
3807
6779
973
7350
6213
6448
6356
9178
2187
4505
703
582
4007
5043
6323
2522
756
7134
9311
5897
5597
7378
9897
3934
7166
9115
3411
7578
9900
4320
4088
5948
4663
8863
3434
3417
2863
7102
7312
9212
6777
160
9228
5273
5869
3695
1268
7390
82
5436
8823
5109
5197
229
3394
2702
3114
5407
6696
8731
5268
1669
3618
5200
1323
4739
5607
5880
6065
7474
7217
2656
8534
8302
2512
958
7360
5754
1787
5055
5066
7633
6462
6166
5363
5311
6381
3121
1586
1091
3938
3557
7135
2438
4873
2281
3293
8073
4622
1108
568
3014
2420
7093
986
381
7153
8040
8335
1856
3603
6472
3865
1379
5964
8719
9412
6899
4033
4053
8210
5807
3227
4229
2896
5416
5400
4589
8922
5389
3557
9096
4370
2230
9059
2151
1725
4235
7827
5707
4395
5749
3243
7903
2885
9409
7922
9922
4037
4191
8135
4881
2198
3502
1984
3884
3889
9065
3863
9917
6687
6336
6360
7572
1685
8279
1690
7649
4398
1503
9201
8686
6959
3702
7936
1218
1074
9584
9509
4752
8269
1271
7765
6599
3685
4984
6525
5495
8034
9394
4529
7552
2285
4306
4413
4851
4661
8077
6074
1193
5781
3151
2445
7848
9297
5098
9739
7258
3587
2545
475
874
4449
4160
3189
8152
6721
2122
566
5706
9020
6771
2088
74
295
5652
264
3100
7987
5721
1008
3649
2689
669
3846
8100
3079
2990
4082
7673
4390
5755
4368
2272
575
5755
9030
4
9247
5632
2559
8513
696
5397
7295
2879
5144
5233
7138
2856
3421
7016
1229
884
8006
9078
4620
3640
737
3191
5129
1692
3370
8145
2267
3644
1553
371
230
5131
305
3710
8121
5535
3555
163
7453
4219
5013
3271
2664
9298
4097
5255
4187
483
9861
3231
1941
9362
4634
3915
556
7449
5787
8395
2326
142
6120
3205
8778
5128
7644
7270
9901
7789
2871
858
4353
5674
3562
8389
6818
5558
8962
4043
5293
4942
3406
889
9295
7079
5449
4840
8486
8688
8562
280
3793
3915
4945
7203
2528
7131
5562
4354
876
1705
6301
7381
820
3186
4875
819
321
502
1772
6799
1491
4237
7986
3566
8243
6420
5329
3399
6876
2113
9879
2344
5835
996
2332
7997
4082
6046
7883
9235
5783
115
8121
9326
1423
8247
1215
6628
5728
6387
8370
6344
7
1299
5734
9762
1847
8216
9485
5461
5024
3934
7821
8436
1430
4259
3584
6765
306
9070
7818
2845
3147
1877
5657
4172
1292
6868
8834
373
7616
9554
3873
6348
8003
5911
6347
8643
6679
6517
175
5202
7729
8569
5978
8028
6754
2243
561
9493
3332
7840
198
2103
192
7664
7481
6041
776
4877
1071
7875
6184
8422
3023
2901
3827
1774
2013
8830
1429
9165
2441
9985
6324
8783
5361
3744
6624
440
5370
2186
9489
9921
628
5392
6798
8725
6263
3377
6811
4272
9885
6731
9244
2566
2357
5352
6524
6043
6773
6784
2470
1199
2302
6524
9573
7797
1548
5673
6254
4993
1725
1921
1801
8192
8869
9637
8771
8399
2633
4097
6052
5714
6801
3863
6954
3847
7072
7746
7347
8110
7492
3251
6081
1062
9973
4606
963
8403
753
1139
6142
3669
510
1694
9761
7985
8597
4835
7718
8797
9952
270
4084
5421
7373
5060
5114
634
1086
9439
248
2742
2626
8573
6548
1910
7747
900
8424
6913
3169
4425
1902
1909
6277
8366
294
1416
37
9751
6639
8037
767
4419
9870
4189
8550
4448
3066
5444
6064
2471
3989
4920
6678
8533
153
3401
5402
6031
9150
1277
1254
8652
6851
9385
1383
447
7838
6259
5537
816
1742
8971
5987
9233
8522
112
7374
8140
8421
4212
6985
3992
182
2784
2060
7468
4572
3735
1965
4177
8720
3292
1786
5258
209
9487
9018
9549
1396
6850
2261
4300
9041
6998
5003
411
4402
9028
4687
1962
1838
5858
9955
9622
2187
5125
450
5880
516
549
8975
3982
7478
3044
7897
7889
2977
592
5130
9831
6042
9361
5812
4774
8985
3604
7940
94
1774
2026
1954
7031
2125
3383
3069
7900
8137
4392
9185
8039
4509
9938
6493
423
5075
4127
7549
1829
9499
5695
8861
8204
2188
8691
7385
1992
9605
31
3286
6168
7936
8628
899
5804
2822
449
9920
4073
9883
793
258
5889
6102
693
952
4602
9900
8302
6413
980
840
1104
4086
4276
248
9905
6797
9905
5350
2925
4955
8788
6484
2737
3230
9678
7126
9621
9856
3414
503
9285
8095
9731
6909
3963
2596
4710
6829
4613
1155
253
8134
2414
1101
7799
6637
4676
4584
1489
7403
2887
9671
4020
5513
8532
5885
1345
7724
5482
6210
9718
420
4945
9832
768
6634
9190
2935
6284
7532
4940
3421
3932
8650
792
6228
4196
7598
4794
6411
8787
2049
3783
9277
7864
231
3528
2918
5393
3856
3613
457
8112
7546
5225
6675
4127
3733
3202
7710
5174
6255
3546
7516
2391
7712
396
265
2594
4182
6920
5028
766
1994
5317
539
9095
1142
9649
6561
6776
7524
8941
2996
7173
1889
7155
3419
2091
9143
7133
6980
1933
589
3858
1164
3455
4860
1324
7956
307
3962
2489
629
5692
6384
1081
2411
4395
5079
317
8102
1624
6108
7832
5330
5334
6507
6126
4314
2390
2557
1237
716
8045
2503
6607
4253
3480
6462
9503
8629
7442
4740
920
7837
1040
3985
2879
4028
511
1649
7545
6226
3135
1745
8119
9572
4654
2033
319
4426
446
7647
9674
2968
4994
8762
6447
446
1537
571
6004
4813
2484
4476
8797
2514
4873
2652
1777
9861
2554
782
3025
2047
1706
787
7692
5839
7665
203
3527
2403
6670
542
9865
167
5977
3894
2594
1461
3152
2237
4058
1206
3300
2444
5467
7174
2637
9532
4571
5418
7594
4179
4722
8371
4367
9759
2869
939
6424
6476
4246
3339
5423
9339
4792
4679
6476
7798
6072
3836
3316
2062
2966
4104
6098
7857
738
2367
4549
7327
9552
33
4916
9148
8813
9146
978
3056
9872
3973
6978
5665
9594
8067
708
587
2373
8554
1515
6007
3033
6335
2701
995
8549
1939
9290
9279
1665
8652
3697
4489
3371
6854
4056
2406
1155
5450
8062
4748
8135
5879
1192
2699
6672
557
4652
3630
7683
6006
9017
5561
9875
5576
522
9302
3550
5044
2491
5727
3739
2754
2188
3165
4123
4984
4750
5432
1823
751
5153
2169
7849
8512
4195
333
3943
8379
4787
7500
1444
6672
8543
679
8953
456
9016
2721
4922
9524
5396
567
148
3203
8857
4575
3404
1868
2521
1983
5224
8398
5434
3702
7099
8756
7678
7403
1034
9063
9379
8012
3390
6092
4132
8693
8
4659
6441
7253
4787
2087
7239
4266
6351
6376
4550
6657
3774
197
8774
6483
3764
2839
4474
1349
3012
9685
2982
7439
4156
9751
1572
8138
2748
4077
8895
4890
6473
4806
3875
202
902
65
5136
1142
4239
8161
7621
1648
1282
5039
4629
9354
7406
77
1142
6418
2266
7779
5218
8686
6596
5439
256
1006
5764
1296
1021
8218
7409
341
4287
2193
2587
8786
1375
1152
1557
1342
4073
730
8666
491
3777
7617
4961
6749
1642
4820
6345
5179
916
1715
3184
5471
9005
934
661
3861
7170
2434
2275
5944
2257
8478
6938
6132
8156
7659
4583
5157
2904
6225
6216
6296
7363
9844
1001
4585
7609
1739
3379
3313
5307
7134
3241
8243
2639
3238
3235
6172
3998
4524
8587
1215
1354
596
9983
3834
4222
5975
1834
1543
4154
9010
4638
7834
5320
3853
8517
3306
1292
9818
2474
8196
2560
8757
678
4226
2236
4020
5876
9615
6717
8719
1783
2065
6350
9706
4707
2171
1639
4770
9177
2371
9657
3342
4556
4375
1240
8302
1962
8271
6518
776
6396
9021
962
279
8039
8058
824
2156
723
3188
1279
1198
8802
3726
8880
9099
8706
9885
3009
6245
1292
1215
1166
6469
4878
6964
7311
76
4975
3280
9243
5630
7878
3090
7994
5347
8185
9063
7623
6252
2711
3359
408
739
9827
9628
9802
5943
9100
3796
1475
238
7091
8184
9263
6832
6539
7466
3788
8267
6264
4832
944
6568
2358
7811
4631
9877
3629
1552
8845
6918
4013
8791
4555
7577
605
3300
1822
530
5500
8141
1703
3862
4890
6196
6911
4376
8205
2154
546
2680
7000
6390
9232
8149
2457
8657
6236
9432
4522
9201
7072
2514
8941
5944
6355
8208
8814
6454
9813
3798
4947
1096
6625
80
7077
3561
5069
1971
3866
7777
22
4692
5301
3766
7612
7001
8110
6724
4926
8270
6799
3566
603
4532
78
6586
7225
9716
5536
6150
3939
4944
3498
1593
524
5610
4105
4150
7077
3312
5234
6093
1713
9553
6457
7928
6325
6975
4250
725
6450
8480
2952
9559
6183
8929
2647
878
6045
190
3102
6791
3042
2100
5472
4902
2927
8860
6909
9648
1031
9100
6048
6105
5539
2212
7248
3371
2352
3174
1834
3044
9489
8006
7945
7534
2918
1600
5340
5034
1891
7059
5767
8607
2597
8880
4677
5499
6554
45
1004
2085
8156
3989
4053
3348
1223
2198
1995
7091
6439
9283
8500
240
7293
3845
3636
1071
3669
6687
3425
4980
5093
2187
9432
8661
4310
1439
9557
848
1485
9897
9184
4906
9161
9040
145
1385
8850
9412
4483
4246
6548
4398
6799
5657
127
5892
6779
8866
6921
5100
6483
6451
6605
2399
8873
9948
9660
5385
355
655
3695
2120
4754
2451
1152
5666
7377
9594
9421
151
5880
2026
4103
8582
7752
844
20
3102
4005
6596
9370
5288
505
9371
7737
4079
7666
1762
5731
9407
203
4370
2847
1391
7087
7987
4312
3820
4085
6738
742
2005
8960
6322
269
2958
2037
9947
6775
4201
5651
733
3664
3652
1749
7035
9502
8734
590
3469
5474
6702
9490
7274
221
9150
5529
9615
889
8709
4019
3407
1517
6872
8568
284
1696
2566
1227
5829
2009
4017
667
4287
9659
6247
7560
86
2918
5132
7744
8812
953
3266
8496
3155
7927
4803
4096
7047
7560
9514
2258
7563
3700
6187
2496
7814
3700
4591
4565
1428
6332
2150
3975
5281
1340
5158
6775
1006
5558
2415
3563
7150
9371
5639
2311
1753
6015
5836
9219
3679
8460
1360
2552
2767
8106
6995
5881
9148
2958
8869
250
9737
3893
6605
8264
5955
6099
1761
4445
7582
6036
9414
1940
3306
3057
2894
1077
4197
1325
698
8636
7152
3412
5086
19
7101
8597
9075
5607
8843
3248
5851
7553
1628
9765
8907
8448
4233
9585
4496
3576
5744
3080
9872
7020
746
9237
8866
3627
7749
3605
5733
5145
3346
7723
3443
6202
7479
9272
4619
7646
8616
5596
4106
2857
4537
8886
6683
1314
5837
706
8742
2251
8795
58
3995
4472
6047
6199
8248
2370
9715
1153
4922
2915
6522
9194
5194
7373
1793
4512
9036
161
5435
1104
5279
2112
2108
4274
2893
1621
3051
8068
5148
8848
5917
8352
14
6902
4989
2415
3396
6370
9748
8139
3253
5428
2342
3266
1245
8448
2154
3848
584
1435
8830
5096
8214
5289
5340
2448
8650
333
7940
6486
9509
2425
4524
7463
7368
1940
3634
9639
9218
5072
5139
6071
4325
4391
8194
4122
8724
7445
3146
3194
569
4259
7038
3714
4803
7315
722
1227
2747
791
8116
6663
4198
758
305
1051
676
392
3165
5009
1491
8216
129
6247
3033
2056
2882
7282
4178
9848
214
4958
8191
7137
7791
2808
1436
335
9127
6096
3512
5469
1113
5192
7244
9126
2515
482
9747
4653
1190
5162
633
9567
2731
3732
9597
3588
1931
2160
8769
1032
3911
853
2649
7673
4107
5865
2461
8560
926
4646
5169
7978
2064
8585
4970
4883
9227
9533
6241
6232
9360
8457
1385
6496
9961
8415
1397
781
6017
888
8349
5293
3377
4068
41
8892
1813
9966
8000
1334
1020
1130
2438
1915
7208
2255
9841
2191
3378
1255
660
8414
5578
2430
3561
5856
3012
5715
9648
9450
4095
4088
7343
1427
8501
1388
1688
2741
4989
2905
624
2231
421
8931
523
9362
9709
8014
3779
2219
1166
2353
6085
6315
8065
